2 1 0 0 0 0 1 0 0 A4 A5 "foguete.mp3"
1 0 0 0 1 0 0 0 0
1 0 0 1 0 0 0 0 1
2 1 0 0 1 0 0 1 0 E3 G4 C5
2 0 0 0 0 1 0 0 0
2 1 0 0 0 0 0 0 0 D4 B5
1 0 0 0 1 0 0 0 1
1 1 0 0 0 0 0 0 0
1 0 0 0 0 0 0 1 0 E4 A5
1 0 1 0 0 0 0 0 0
1 0 0 0 0 1 0 0 0 "hip.mp3"
1 0 0 0 0 1 0 0 0
2 1 0 0 0 0 1 0 0 E3 C4
1 0 0 0 1 0 0 0 0
1 0 0 1 0 0 0 0 1
2 1 0 0 1 0 0 1 0
2 0 0 0 0 1 0 0 0
2 1 0 0 0 0 0 0 0 G3
1 0 0 0 1 0 0 0 1
1 1 0 0 0 0 0 0 0
1 0 0 0 0 0 0 1 0 G3 B5
1 0 1 0 0 0 0 0 0 "reversehat.mp3"
1 0 0 0 0 1 0 0 0 B5
1 0 0 0 0 1 0 0 0
2 1 0 0 0 0 1 0 0 D4 A5
1 0 0 0 1 0 0 0 0 A5
1 0 0 1 0 0 0 0 1
1 1 0 0 1 0 0 1 0 A3 E4 "click.mp3"
2 0 0 0 0 1 0 0 0 E2 B3 D4 B5
2 1 0 0 0 0 0 0 0 G3 G4
1 0 0 0 1 0 0 0 1 D3 A4
1 1 0 0 0 0 0 0 0
1 0 0 0 0 0 0 1 0 
1 0 1 0 0 0 0 0 0
2 0 0 0 0 1 0 0 0
2 1 0 0 0 0 1 0 0 D4
1 0 0 0 1 0 0 0 0
1 0 0 1 0 0 0 0 1
2 1 0 0 1 0 0 1 0 D2
2 0 0 0 0 1 0 0 0
2 1 0 0 0 0 0 0 0 G3 E4
1 0 0 0 1 0 0 0 1 "superclap.mp3"
1 1 0 0 0 0 0 0 0
1 0 0 0 0 0 0 1 0 A4 F4
1 0 1 0 0 0 0 0 0
1 0 0 0 0 1 0 0 0
1 0 0 0 0 1 0 0 0
